"cluster1" "cluster4" "cluster2" "cluster3"
"prob2_3" 0.829252667245125 0.677163111137071 0.560634938469176 0.450426493787625
"prob3_4" 0.8595972223545 0.742524943668071 0.659026202342765 0.608303112077187
"prob4_5" 0.82257656809325 0.723247745115 0.644464413848118 0.604089872751063
"prob5_6" 0.7958782904545 0.705514906082357 0.622373345922765 0.588290012628688
"prob6_7" 0.77655603278475 0.682637911713929 0.608419908301647 0.572239486799688
"prob7_8" 0.778347934000125 0.6809491482405 0.603484425086235 0.578405119497687
"prob8_9" 0.7662246434345 0.675873391975643 0.604871769297588 0.571465699143562
"prob9_10" 0.7662246434345 0.675873391975643 0.604871769297588 0.571465699143562
"theClusterSize" 8 14 17 8
